Instance: L18-1.txt

Execution time: 79
Number of switches before ILS: 8
Number of switches after ILS: 8
Box size: 15

Final solution: 8 - 19 - 1 - 10 - 12 - 13 - 16 - 17 - 20 - 21 - 23 - 25 - 4 - 5 - 9 - 18 - 24 - 3 - 6 - 2 - 7 - 14 - 15 - 11 - 22 - 

Task - > Tools
Task 1 -> 1 2 5 6 7 
Task 2 -> 2 4 8 
Task 3 -> 4 5 6 8 
Task 4 -> 1 2 3 4 
Task 5 -> 3 4 5 
Task 6 -> 1 2 4 6 8 
Task 7 -> 1 2 4 8 
Task 8 -> 2 
Task 9 -> 3 4 5 6 8 
Task 10 -> 3 7 8 
Task 11 -> 1 2 5 8 
Task 12 -> 2 3 4 5 6 7 
Task 13 -> 1 2 3 4 5 7 
Task 14 -> 1 4 
Task 15 -> 4 5 8 
Task 16 -> 1 2 6 7 
Task 17 -> 2 3 7 
Task 18 -> 1 2 3 5 6 8 
Task 19 -> 5 
Task 20 -> 1 5 6 7 8 
Task 21 -> 5 7 
Task 22 -> 1 2 5 8 
Task 23 -> 1 2 3 4 5 7 8 
Task 24 -> 2 3 4 5 6 8 
Task 25 -> 4 6 7 8 


Task 01 |  0 1 0 0 0 0 0 0 0 0 0 0 0 0 0 0 0 0 0 0 0 0 0 0 0
Task 02 |  0 0 0 0 1 0 0 0 0 0 0 0 0 0 0 0 0 0 0 0 0 0 0 0 0
Task 03 |  1 1 0 0 1 1 1 0 0 0 0 0 0 0 0 0 0 0 0 0 0 0 0 0 0
Task 04 |  0 0 1 0 0 0 1 1 0 0 0 0 0 0 0 0 0 0 0 0 0 0 0 0 0
Task 05 |  0 1 1 1 1 1 1 0 0 0 0 0 0 0 0 0 0 0 0 0 0 0 0 0 0
Task 06 |  1 1 1 1 1 0 1 0 0 0 0 0 0 0 0 0 0 0 0 0 0 0 0 0 0
Task 07 |  1 1 0 0 0 1 1 0 0 0 0 0 0 0 0 0 0 0 0 0 0 0 0 0 0
Task 08 |  0 1 1 0 0 0 1 0 0 0 0 0 0 0 0 0 0 0 0 0 0 0 0 0 0
Task 09 |  1 0 0 0 1 1 1 1 0 0 0 0 0 0 0 0 0 0 0 0 0 0 0 0 0
Task 10 |  0 0 0 0 1 0 1 0 0 0 0 0 0 0 0 0 0 0 0 0 0 0 0 0 0
Task 11 |  1 1 1 1 1 0 1 1 0 0 0 0 0 0 0 0 0 0 0 0 0 0 0 0 0
Task 12 |  0 0 0 1 0 1 1 1 0 0 0 0 0 0 0 0 0 0 0 0 0 0 0 0 0
Task 13 |  1 1 1 1 0 0 0 0 0 0 0 0 0 0 0 0 0 0 0 0 0 0 0 0 0
Task 14 |  0 0 1 1 1 0 0 0 0 0 0 0 0 0 0 0 0 0 0 0 0 0 0 0 0
Task 15 |  0 0 1 1 1 1 0 1 0 0 0 0 0 0 0 0 0 0 0 0 0 0 0 0 0
Task 16 |  1 1 1 0 1 1 0 1 0 0 0 0 0 0 0 0 0 0 0 0 0 0 0 0 0
Task 17 |  0 1 1 1 1 1 0 1 0 0 0 0 0 0 0 0 0 0 0 0 0 0 0 0 0
Task 18 |  0 0 0 1 1 1 0 1 0 0 0 0 0 0 0 0 0 0 0 0 0 0 0 0 0
Task 19 |  1 1 0 1 0 1 0 1 0 0 0 0 0 0 0 0 0 0 0 0 0 0 0 0 0
Task 20 |  0 1 0 1 0 0 0 1 0 0 0 0 0 0 0 0 0 0 0 0 0 0 0 0 0
Task 21 |  1 1 0 1 0 0 0 1 0 0 0 0 0 0 0 0 0 0 0 0 0 0 0 0 0
Task 22 |  1 0 0 1 0 0 0 0 0 0 0 0 0 0 0 0 0 0 0 0 0 0 0 0 0
Task 23 |  0 0 0 1 1 0 0 1 0 0 0 0 0 0 0 0 0 0 0 0 0 0 0 0 0
Task 24 |  1 1 0 0 1 0 0 1 0 0 0 0 0 0 0 0 0 0 0 0 0 0 0 0 0
Task 25 |  1 1 0 0 1 0 0 1 0 0 0 0 0 0 0 0 0 0 0 0 0 0 0 0 0
