Instance: L17-4.txt

Execution time: 62
Number of switches before ILS: 8
Number of switches after ILS: 8
Box size: 15

Final solution: 7 - 22 - 6 - 8 - 9 - 10 - 13 - 16 - 2 - 4 - 15 - 19 - 21 - 1 - 3 - 11 - 14 - 17 - 23 - 24 - 12 - 20 - 5 - 18 - 25 - 

Task - > Tools
Task 1 -> 1 2 5 7 8 
Task 2 -> 1 2 3 7 
Task 3 -> 1 2 5 8 
Task 4 -> 2 3 5 7 
Task 5 -> 2 6 7 
Task 6 -> 1 3 4 7 8 
Task 7 -> 1 
Task 8 -> 1 3 4 5 8 
Task 9 -> 4 6 7 8 
Task 10 -> 1 3 4 8 
Task 11 -> 1 5 
Task 12 -> 1 2 6 7 
Task 13 -> 1 4 6 
Task 14 -> 1 5 7 8 
Task 15 -> 3 8 
Task 16 -> 1 2 4 6 8 
Task 17 -> 5 6 7 
Task 18 -> 2 6 8 
Task 19 -> 2 3 5 7 8 
Task 20 -> 1 6 7 8 
Task 21 -> 1 3 7 
Task 22 -> 8 
Task 23 -> 2 5 6 7 
Task 24 -> 1 2 5 6 7 8 
Task 25 -> 2 6 8 


Task 01 |  1 0 0 0 0 0 0 0 0 0 0 0 0 0 0 0 0 0 0 0 0 0 0 0 0
Task 02 |  0 0 0 0 0 0 0 1 0 0 0 0 0 0 0 0 0 0 0 0 0 0 0 0 0
Task 03 |  1 0 1 1 0 0 1 1 0 0 0 0 0 0 0 0 0 0 0 0 0 0 0 0 0
Task 04 |  1 0 1 1 1 0 0 1 0 0 0 0 0 0 0 0 0 0 0 0 0 0 0 0 0
Task 05 |  0 0 0 1 0 1 1 1 0 0 0 0 0 0 0 0 0 0 0 0 0 0 0 0 0
Task 06 |  1 0 1 1 0 0 0 1 0 0 0 0 0 0 0 0 0 0 0 0 0 0 0 0 0
Task 07 |  1 0 0 1 0 1 0 0 0 0 0 0 0 0 0 0 0 0 0 0 0 0 0 0 0
Task 08 |  1 1 0 1 0 1 0 1 0 0 0 0 0 0 0 0 0 0 0 0 0 0 0 0 0
Task 09 |  1 1 1 0 0 0 1 0 0 0 0 0 0 0 0 0 0 0 0 0 0 0 0 0 0
Task 10 |  0 1 1 0 1 0 1 0 0 0 0 0 0 0 0 0 0 0 0 0 0 0 0 0 0
Task 11 |  0 0 1 0 0 0 0 1 0 0 0 0 0 0 0 0 0 0 0 0 0 0 0 0 0
Task 12 |  0 1 1 0 1 0 1 1 0 0 0 0 0 0 0 0 0 0 0 0 0 0 0 0 0
Task 13 |  1 0 1 0 0 0 1 0 0 0 0 0 0 0 0 0 0 0 0 0 0 0 0 0 0
Task 14 |  1 1 0 0 1 0 1 1 0 0 0 0 0 0 0 0 0 0 0 0 0 0 0 0 0
Task 15 |  1 1 0 0 1 0 0 1 0 0 0 0 0 0 0 0 0 0 0 0 0 0 0 0 0
Task 16 |  1 0 0 0 1 0 0 0 0 0 0 0 0 0 0 0 0 0 0 0 0 0 0 0 0
Task 17 |  1 0 0 0 1 0 1 1 0 0 0 0 0 0 0 0 0 0 0 0 0 0 0 0 0
Task 18 |  0 0 0 0 1 1 1 0 0 0 0 0 0 0 0 0 0 0 0 0 0 0 0 0 0
Task 19 |  0 1 0 0 1 1 1 0 0 0 0 0 0 0 0 0 0 0 0 0 0 0 0 0 0
Task 20 |  1 1 0 0 1 1 1 1 0 0 0 0 0 0 0 0 0 0 0 0 0 0 0 0 0
Task 21 |  1 1 0 0 0 1 1 0 0 0 0 0 0 0 0 0 0 0 0 0 0 0 0 0 0
Task 22 |  1 0 0 0 0 1 1 1 0 0 0 0 0 0 0 0 0 0 0 0 0 0 0 0 0
Task 23 |  0 1 0 0 0 1 1 0 0 0 0 0 0 0 0 0 0 0 0 0 0 0 0 0 0
Task 24 |  0 1 0 0 0 1 0 1 0 0 0 0 0 0 0 0 0 0 0 0 0 0 0 0 0
Task 25 |  0 1 0 0 0 1 0 1 0 0 0 0 0 0 0 0 0 0 0 0 0 0 0 0 0
