Instance: L17-1.txt

Execution time: 48
Number of switches before ILS: 8
Number of switches after ILS: 8
Box size: 15

Final solution: 3 - 17 - 1 - 2 - 5 - 13 - 18 - 20 - 21 - 4 - 8 - 15 - 16 - 22 - 23 - 6 - 11 - 14 - 7 - 9 - 19 - 12 - 25 - 10 - 24 - 

Task - > Tools
Task 1 -> 1 2 5 6 7 8 
Task 2 -> 1 7 8 
Task 3 -> 4 
Task 4 -> 2 3 5 6 7 
Task 5 -> 1 5 8 
Task 6 -> 2 3 4 5 6 
Task 7 -> 1 2 5 
Task 8 -> 1 2 5 6 7 
Task 9 -> 2 5 
Task 10 -> 1 3 6 
Task 11 -> 1 2 3 4 
Task 12 -> 1 3 5 
Task 13 -> 3 5 6 8 
Task 14 -> 1 2 4 5 
Task 15 -> 1 2 4 7 
Task 16 -> 2 5 7 
Task 17 -> 6 
Task 18 -> 5 8 
Task 19 -> 2 3 6 
Task 20 -> 1 2 3 4 5 8 
Task 21 -> 4 8 
Task 22 -> 3 4 5 6 7 
Task 23 -> 4 6 7 
Task 24 -> 1 3 6 
Task 25 -> 1 5 6 


Task 01 |  0 0 0 1 0 0 0 0 0 0 0 0 0 0 0 0 0 0 0 0 0 0 0 0 0
Task 02 |  0 0 0 0 0 1 0 0 0 0 0 0 0 0 0 0 0 0 0 0 0 0 0 0 0
Task 03 |  1 1 0 0 1 1 1 1 0 0 0 0 0 0 0 0 0 0 0 0 0 0 0 0 0
Task 04 |  1 0 0 0 0 0 1 1 0 0 0 0 0 0 0 0 0 0 0 0 0 0 0 0 0
Task 05 |  1 0 0 0 1 0 0 1 0 0 0 0 0 0 0 0 0 0 0 0 0 0 0 0 0
Task 06 |  0 0 1 0 1 1 0 1 0 0 0 0 0 0 0 0 0 0 0 0 0 0 0 0 0
Task 07 |  0 0 0 0 1 0 0 1 0 0 0 0 0 0 0 0 0 0 0 0 0 0 0 0 0
Task 08 |  1 1 1 1 1 0 0 1 0 0 0 0 0 0 0 0 0 0 0 0 0 0 0 0 0
Task 09 |  0 0 0 1 0 0 0 1 0 0 0 0 0 0 0 0 0 0 0 0 0 0 0 0 0
Task 10 |  0 1 1 0 1 1 1 0 0 0 0 0 0 0 0 0 0 0 0 0 0 0 0 0 0
Task 11 |  1 1 0 0 1 1 1 0 0 0 0 0 0 0 0 0 0 0 0 0 0 0 0 0 0
Task 12 |  1 1 0 1 0 0 1 0 0 0 0 0 0 0 0 0 0 0 0 0 0 0 0 0 0
Task 13 |  0 1 0 0 1 0 1 0 0 0 0 0 0 0 0 0 0 0 0 0 0 0 0 0 0
Task 14 |  0 0 1 1 1 1 1 0 0 0 0 0 0 0 0 0 0 0 0 0 0 0 0 0 0
Task 15 |  0 0 0 1 0 1 1 0 0 0 0 0 0 0 0 0 0 0 0 0 0 0 0 0 0
Task 16 |  0 1 1 1 1 1 0 0 0 0 0 0 0 0 0 0 0 0 0 0 0 0 0 0 0
Task 17 |  1 1 1 1 0 0 0 0 0 0 0 0 0 0 0 0 0 0 0 0 0 0 0 0 0
Task 18 |  1 1 0 1 1 0 0 0 0 0 0 0 0 0 0 0 0 0 0 0 0 0 0 0 0
Task 19 |  1 1 0 0 1 0 0 0 0 0 0 0 0 0 0 0 0 0 0 0 0 0 0 0 0
Task 20 |  0 1 0 0 1 0 0 0 0 0 0 0 0 0 0 0 0 0 0 0 0 0 0 0 0
Task 21 |  0 1 1 0 0 1 0 0 0 0 0 0 0 0 0 0 0 0 0 0 0 0 0 0 0
Task 22 |  1 0 1 0 1 0 0 0 0 0 0 0 0 0 0 0 0 0 0 0 0 0 0 0 0
Task 23 |  1 0 0 0 1 1 0 0 0 0 0 0 0 0 0 0 0 0 0 0 0 0 0 0 0
Task 24 |  1 0 1 0 0 1 0 0 0 0 0 0 0 0 0 0 0 0 0 0 0 0 0 0 0
Task 25 |  1 0 1 0 0 1 0 0 0 0 0 0 0 0 0 0 0 0 0 0 0 0 0 0 0
