Instance: L16-6.txt

Execution time: 48
Number of switches before ILS: 8
Number of switches after ILS: 8
Box size: 15

Final solution: 2 - 5 - 11 - 21 - 24 - 4 - 6 - 12 - 22 - 23 - 8 - 14 - 17 - 19 - 13 - 15 - 16 - 25 - 7 - 10 - 9 - 20 - 1 - 18 - 3 - 

Task - > Tools
Task 1 -> 3 5 8 
Task 2 -> 5 
Task 3 -> 3 8 
Task 4 -> 1 4 5 7 8 
Task 5 -> 2 
Task 6 -> 4 6 
Task 7 -> 1 6 8 
Task 8 -> 3 7 
Task 9 -> 1 5 8 
Task 10 -> 1 3 6 
Task 11 -> 1 
Task 12 -> 4 8 
Task 13 -> 2 3 5 6 
Task 14 -> 1 5 7 
Task 15 -> 2 5 6 
Task 16 -> 2 8 
Task 17 -> 1 2 3 5 7 
Task 18 -> 3 5 
Task 19 -> 7 8 
Task 20 -> 1 3 5 8 
Task 21 -> 6 
Task 22 -> 3 4 7 8 
Task 23 -> 4 6 
Task 24 -> 4 
Task 25 -> 1 2 


Task 01 |  0 0 0 0 1 0 0 0 0 0 0 0 0 0 0 0 0 0 0 0 0 0 0 0 0
Task 02 |  0 1 0 0 0 0 0 0 0 0 0 0 0 0 0 0 0 0 0 0 0 0 0 0 0
Task 03 |  1 0 0 0 0 0 0 0 0 0 0 0 0 0 0 0 0 0 0 0 0 0 0 0 0
Task 04 |  0 0 0 0 0 1 0 0 0 0 0 0 0 0 0 0 0 0 0 0 0 0 0 0 0
Task 05 |  0 0 0 1 0 0 0 0 0 0 0 0 0 0 0 0 0 0 0 0 0 0 0 0 0
Task 06 |  1 0 0 1 1 0 1 1 0 0 0 0 0 0 0 0 0 0 0 0 0 0 0 0 0
Task 07 |  0 0 0 1 0 1 0 0 0 0 0 0 0 0 0 0 0 0 0 0 0 0 0 0 0
Task 08 |  0 0 0 1 0 0 0 1 0 0 0 0 0 0 0 0 0 0 0 0 0 0 0 0 0
Task 09 |  0 0 1 1 0 0 1 1 0 0 0 0 0 0 0 0 0 0 0 0 0 0 0 0 0
Task 10 |  0 0 0 1 0 1 0 0 0 0 0 0 0 0 0 0 0 0 0 0 0 0 0 0 0
Task 11 |  0 0 1 0 0 0 1 0 0 0 0 0 0 0 0 0 0 0 0 0 0 0 0 0 0
Task 12 |  1 0 0 0 1 0 1 0 0 0 0 0 0 0 0 0 0 0 0 0 0 0 0 0 0
Task 13 |  1 1 1 0 1 0 1 0 0 0 0 0 0 0 0 0 0 0 0 0 0 0 0 0 0
Task 14 |  0 0 0 0 0 0 1 1 0 0 0 0 0 0 0 0 0 0 0 0 0 0 0 0 0
Task 15 |  0 1 1 0 1 1 0 0 0 0 0 0 0 0 0 0 0 0 0 0 0 0 0 0 0
Task 16 |  0 1 0 0 1 1 0 0 0 0 0 0 0 0 0 0 0 0 0 0 0 0 0 0 0
Task 17 |  0 1 0 0 0 0 0 1 0 0 0 0 0 0 0 0 0 0 0 0 0 0 0 0 0
Task 18 |  1 1 0 0 0 0 0 0 0 0 0 0 0 0 0 0 0 0 0 0 0 0 0 0 0
Task 19 |  1 0 0 0 0 1 0 1 0 0 0 0 0 0 0 0 0 0 0 0 0 0 0 0 0
Task 20 |  1 0 1 0 0 1 0 0 0 0 0 0 0 0 0 0 0 0 0 0 0 0 0 0 0
Task 21 |  1 0 0 0 1 0 0 1 0 0 0 0 0 0 0 0 0 0 0 0 0 0 0 0 0
Task 22 |  1 0 1 0 1 0 0 1 0 0 0 0 0 0 0 0 0 0 0 0 0 0 0 0 0
Task 23 |  0 0 1 0 1 0 0 1 0 0 0 0 0 0 0 0 0 0 0 0 0 0 0 0 0
Task 24 |  0 0 1 0 1 0 0 0 0 0 0 0 0 0 0 0 0 0 0 0 0 0 0 0 0
Task 25 |  0 0 1 0 0 0 0 1 0 0 0 0 0 0 0 0 0 0 0 0 0 0 0 0 0
