Instance: L15-10.txt

Execution time: 40
Number of switches before ILS: 8
Number of switches after ILS: 8
Box size: 15

Final solution: 6 - 12 - 15 - 20 - 8 - 17 - 24 - 3 - 9 - 10 - 13 - 5 - 18 - 19 - 23 - 1 - 2 - 22 - 4 - 7 - 11 - 14 - 25 - 21 - 16 - 

Task - > Tools
Task 1 -> 2 7 
Task 2 -> 1 4 7 
Task 3 -> 1 2 6 
Task 4 -> 1 2 4 8 
Task 5 -> 2 5 7 8 
Task 6 -> 2 
Task 7 -> 2 8 
Task 8 -> 1 2 3 7 
Task 9 -> 5 6 
Task 10 -> 2 5 6 
Task 11 -> 1 2 4 8 
Task 12 -> 7 
Task 13 -> 4 6 
Task 14 -> 1 2 4 
Task 15 -> 7 
Task 16 -> 1 8 
Task 17 -> 3 4 6 7 
Task 18 -> 2 5 
Task 19 -> 1 4 5 
Task 20 -> 7 
Task 21 -> 1 4 8 
Task 22 -> 1 2 7 
Task 23 -> 1 4 5 7 
Task 24 -> 1 2 3 
Task 25 -> 1 2 


Task 01 |  0 1 0 0 0 0 0 0 0 0 0 0 0 0 0 0 0 0 0 0 0 0 0 0 0
Task 02 |  0 0 0 0 0 0 1 0 0 0 0 0 0 0 0 0 0 0 0 0 0 0 0 0 0
Task 03 |  0 0 0 0 0 0 1 0 0 0 0 0 0 0 0 0 0 0 0 0 0 0 0 0 0
Task 04 |  0 0 0 0 0 0 1 0 0 0 0 0 0 0 0 0 0 0 0 0 0 0 0 0 0
Task 05 |  1 1 1 0 0 0 1 0 0 0 0 0 0 0 0 0 0 0 0 0 0 0 0 0 0
Task 06 |  0 0 1 1 0 1 1 0 0 0 0 0 0 0 0 0 0 0 0 0 0 0 0 0 0
Task 07 |  1 1 1 0 0 0 0 0 0 0 0 0 0 0 0 0 0 0 0 0 0 0 0 0 0
Task 08 |  1 1 0 0 0 1 0 0 0 0 0 0 0 0 0 0 0 0 0 0 0 0 0 0 0
Task 09 |  0 0 0 0 1 1 0 0 0 0 0 0 0 0 0 0 0 0 0 0 0 0 0 0 0
Task 10 |  0 1 0 0 1 1 0 0 0 0 0 0 0 0 0 0 0 0 0 0 0 0 0 0 0
Task 11 |  0 0 0 1 0 1 0 0 0 0 0 0 0 0 0 0 0 0 0 0 0 0 0 0 0
Task 12 |  0 1 0 0 1 0 1 1 0 0 0 0 0 0 0 0 0 0 0 0 0 0 0 0 0
Task 13 |  0 1 0 0 1 0 0 0 0 0 0 0 0 0 0 0 0 0 0 0 0 0 0 0 0
Task 14 |  1 0 0 1 1 0 0 0 0 0 0 0 0 0 0 0 0 0 0 0 0 0 0 0 0
Task 15 |  1 0 0 1 1 0 1 0 0 0 0 0 0 0 0 0 0 0 0 0 0 0 0 0 0
Task 16 |  0 1 0 0 0 0 1 0 0 0 0 0 0 0 0 0 0 0 0 0 0 0 0 0 0
Task 17 |  1 0 0 1 0 0 1 0 0 0 0 0 0 0 0 0 0 0 0 0 0 0 0 0 0
Task 18 |  1 1 0 0 0 0 1 0 0 0 0 0 0 0 0 0 0 0 0 0 0 0 0 0 0
Task 19 |  1 1 0 1 0 0 0 1 0 0 0 0 0 0 0 0 0 0 0 0 0 0 0 0 0
Task 20 |  0 1 0 0 0 0 0 1 0 0 0 0 0 0 0 0 0 0 0 0 0 0 0 0 0
Task 21 |  1 1 0 1 0 0 0 1 0 0 0 0 0 0 0 0 0 0 0 0 0 0 0 0 0
Task 22 |  1 1 0 1 0 0 0 0 0 0 0 0 0 0 0 0 0 0 0 0 0 0 0 0 0
Task 23 |  1 1 0 0 0 0 0 0 0 0 0 0 0 0 0 0 0 0 0 0 0 0 0 0 0
Task 24 |  1 0 0 1 0 0 0 1 0 0 0 0 0 0 0 0 0 0 0 0 0 0 0 0 0
Task 25 |  1 0 0 0 0 0 0 1 0 0 0 0 0 0 0 0 0 0 0 0 0 0 0 0 0
