Instance: L10-3.txt

Execution time: 81
Number of switches before ILS: 8
Number of switches after ILS: 8
Box size: 15

Final solution: 14 - 1 - 3 - 7 - 15 - 20 - 5 - 8 - 9 - 10 - 12 - 17 - 18 - 6 - 11 - 13 - 2 - 4 - 16 - 19 - 

Task - > Tools
Task 1 -> 1 2 4 6 7 
Task 2 -> 1 2 6 7 8 
Task 3 -> 1 3 4 5 7 
Task 4 -> 1 2 6 7 
Task 5 -> 1 3 5 6 8 
Task 6 -> 1 2 5 6 7 
Task 7 -> 1 2 4 5 7 
Task 8 -> 1 2 3 5 8 
Task 9 -> 1 2 3 5 7 
Task 10 -> 1 2 3 
Task 11 -> 2 5 7 8 
Task 12 -> 2 3 5 7 8 
Task 13 -> 1 2 5 6 7 8 
Task 14 -> 1 
Task 15 -> 1 2 4 8 
Task 16 -> 1 2 6 7 
Task 17 -> 3 5 8 
Task 18 -> 3 6 7 8 
Task 19 -> 2 6 7 
Task 20 -> 2 4 5 7 


Task 01 |  1 0 0 0 0 0 0 0 0 0 0 0 0 0 0 0 0 0 0 0
Task 02 |  1 1 0 1 0 1 1 0 0 0 0 0 0 0 0 0 0 0 0 0
Task 03 |  1 0 1 1 1 0 1 0 0 0 0 0 0 0 0 0 0 0 0 0
Task 04 |  1 1 0 1 1 0 1 0 0 0 0 0 0 0 0 0 0 0 0 0
Task 05 |  1 1 0 1 0 0 0 1 0 0 0 0 0 0 0 0 0 0 0 0
Task 06 |  0 1 0 1 1 0 1 0 0 0 0 0 0 0 0 0 0 0 0 0
Task 07 |  1 0 1 0 1 1 0 1 0 0 0 0 0 0 0 0 0 0 0 0
Task 08 |  1 1 1 0 1 0 0 1 0 0 0 0 0 0 0 0 0 0 0 0
Task 09 |  1 1 1 0 1 0 1 0 0 0 0 0 0 0 0 0 0 0 0 0
Task 10 |  1 1 1 0 0 0 0 0 0 0 0 0 0 0 0 0 0 0 0 0
Task 11 |  0 1 1 0 1 0 1 1 0 0 0 0 0 0 0 0 0 0 0 0
Task 12 |  0 0 1 0 1 0 0 1 0 0 0 0 0 0 0 0 0 0 0 0
Task 13 |  0 0 1 0 0 1 1 1 0 0 0 0 0 0 0 0 0 0 0 0
Task 14 |  1 1 0 0 1 1 1 0 0 0 0 0 0 0 0 0 0 0 0 0
Task 15 |  0 1 0 0 1 0 1 1 0 0 0 0 0 0 0 0 0 0 0 0
Task 16 |  1 1 0 0 1 1 1 1 0 0 0 0 0 0 0 0 0 0 0 0
Task 17 |  1 1 0 0 0 1 1 1 0 0 0 0 0 0 0 0 0 0 0 0
Task 18 |  1 1 0 0 0 1 1 0 0 0 0 0 0 0 0 0 0 0 0 0
Task 19 |  1 1 0 0 0 1 1 0 0 0 0 0 0 0 0 0 0 0 0 0
Task 20 |  0 1 0 0 0 1 1 0 0 0 0 0 0 0 0 0 0 0 0 0
