Instance: L15-3.txt

Execution time: 51
Number of switches before ILS: 8
Number of switches after ILS: 8
Box size: 15

Final solution: 3 - 5 - 14 - 19 - 2 - 12 - 9 - 10 - 11 - 13 - 16 - 6 - 15 - 21 - 23 - 17 - 22 - 4 - 7 - 20 - 1 - 18 - 8 - 24 - 25 - 

Task - > Tools
Task 1 -> 2 5 
Task 2 -> 3 7 
Task 3 -> 5 
Task 4 -> 2 6 8 
Task 5 -> 7 
Task 6 -> 1 2 
Task 7 -> 5 8 
Task 8 -> 5 6 
Task 9 -> 1 4 5 
Task 10 -> 1 2 4 5 
Task 11 -> 2 4 7 
Task 12 -> 1 3 8 
Task 13 -> 4 5 
Task 14 -> 5 
Task 15 -> 1 7 
Task 16 -> 1 4 7 
Task 17 -> 5 7 8 
Task 18 -> 2 5 
Task 19 -> 1 
Task 20 -> 2 6 8 
Task 21 -> 1 5 
Task 22 -> 5 7 8 
Task 23 -> 1 2 5 6 7 8 
Task 24 -> 5 6 
Task 25 -> 5 6 


Task 01 |  0 0 0 0 1 0 0 0 0 0 0 0 0 0 0 0 0 0 0 0 0 0 0 0 0
Task 02 |  0 0 0 0 0 0 1 0 0 0 0 0 0 0 0 0 0 0 0 0 0 0 0 0 0
Task 03 |  0 0 0 0 1 0 0 0 0 0 0 0 0 0 0 0 0 0 0 0 0 0 0 0 0
Task 04 |  1 0 0 0 0 0 0 0 0 0 0 0 0 0 0 0 0 0 0 0 0 0 0 0 0
Task 05 |  0 0 1 0 0 0 1 0 0 0 0 0 0 0 0 0 0 0 0 0 0 0 0 0 0
Task 06 |  1 0 1 0 0 0 0 1 0 0 0 0 0 0 0 0 0 0 0 0 0 0 0 0 0
Task 07 |  1 0 0 1 1 0 0 0 0 0 0 0 0 0 0 0 0 0 0 0 0 0 0 0 0
Task 08 |  1 1 0 1 1 0 0 0 0 0 0 0 0 0 0 0 0 0 0 0 0 0 0 0 0
Task 09 |  0 1 0 1 0 0 1 0 0 0 0 0 0 0 0 0 0 0 0 0 0 0 0 0 0
Task 10 |  0 0 0 1 1 0 0 0 0 0 0 0 0 0 0 0 0 0 0 0 0 0 0 0 0
Task 11 |  1 0 0 1 0 0 1 0 0 0 0 0 0 0 0 0 0 0 0 0 0 0 0 0 0
Task 12 |  1 1 0 0 0 0 0 0 0 0 0 0 0 0 0 0 0 0 0 0 0 0 0 0 0
Task 13 |  1 0 0 0 0 0 1 0 0 0 0 0 0 0 0 0 0 0 0 0 0 0 0 0 0
Task 14 |  1 0 0 0 1 0 0 0 0 0 0 0 0 0 0 0 0 0 0 0 0 0 0 0 0
Task 15 |  1 1 0 0 1 1 1 1 0 0 0 0 0 0 0 0 0 0 0 0 0 0 0 0 0
Task 16 |  0 0 0 0 1 0 1 1 0 0 0 0 0 0 0 0 0 0 0 0 0 0 0 0 0
Task 17 |  0 0 0 0 1 0 1 1 0 0 0 0 0 0 0 0 0 0 0 0 0 0 0 0 0
Task 18 |  0 1 0 0 0 1 0 1 0 0 0 0 0 0 0 0 0 0 0 0 0 0 0 0 0
Task 19 |  0 0 0 0 1 0 0 1 0 0 0 0 0 0 0 0 0 0 0 0 0 0 0 0 0
Task 20 |  0 1 0 0 0 1 0 1 0 0 0 0 0 0 0 0 0 0 0 0 0 0 0 0 0
Task 21 |  0 1 0 0 1 0 0 0 0 0 0 0 0 0 0 0 0 0 0 0 0 0 0 0 0
Task 22 |  0 1 0 0 1 0 0 0 0 0 0 0 0 0 0 0 0 0 0 0 0 0 0 0 0
Task 23 |  0 0 0 0 1 1 0 0 0 0 0 0 0 0 0 0 0 0 0 0 0 0 0 0 0
Task 24 |  0 0 0 0 1 1 0 0 0 0 0 0 0 0 0 0 0 0 0 0 0 0 0 0 0
Task 25 |  0 0 0 0 1 1 0 0 0 0 0 0 0 0 0 0 0 0 0 0 0 0 0 0 0
