Instance: L15-4.txt

Execution time: 58
Number of switches before ILS: 8
Number of switches after ILS: 8
Box size: 15

Final solution: 13 - 16 - 5 - 8 - 14 - 15 - 19 - 20 - 21 - 4 - 7 - 11 - 12 - 24 - 25 - 1 - 18 - 9 - 17 - 23 - 2 - 6 - 10 - 22 - 3 - 

Task - > Tools
Task 1 -> 1 2 3 6 7 8 
Task 2 -> 1 8 
Task 3 -> 3 8 
Task 4 -> 1 3 5 6 8 
Task 5 -> 3 4 6 
Task 6 -> 1 3 6 8 
Task 7 -> 3 5 6 
Task 8 -> 1 4 5 
Task 9 -> 6 7 8 
Task 10 -> 3 6 8 
Task 11 -> 1 5 7 
Task 12 -> 2 5 6 
Task 13 -> 6 
Task 14 -> 3 4 6 
Task 15 -> 4 5 8 
Task 16 -> 1 
Task 17 -> 1 3 7 
Task 18 -> 1 2 6 7 8 
Task 19 -> 2 4 
Task 20 -> 4 6 8 
Task 21 -> 1 4 6 7 
Task 22 -> 3 6 
Task 23 -> 1 3 7 8 
Task 24 -> 2 3 5 7 8 
Task 25 -> 1 2 5 7 


Task 01 |  0 0 0 0 0 1 0 0 0 0 0 0 0 0 0 0 0 0 0 0 0 0 0 0 0
Task 02 |  1 0 0 0 0 0 0 0 0 0 0 0 0 0 0 0 0 0 0 0 0 0 0 0 0
Task 03 |  0 0 1 1 0 1 0 0 0 0 0 0 0 0 0 0 0 0 0 0 0 0 0 0 0
Task 04 |  1 0 0 1 1 0 0 0 0 0 0 0 0 0 0 0 0 0 0 0 0 0 0 0 0
Task 05 |  0 0 1 1 0 1 0 0 0 0 0 0 0 0 0 0 0 0 0 0 0 0 0 0 0
Task 06 |  0 0 0 1 1 0 0 1 0 0 0 0 0 0 0 0 0 0 0 0 0 0 0 0 0
Task 07 |  0 1 0 1 0 0 0 0 0 0 0 0 0 0 0 0 0 0 0 0 0 0 0 0 0
Task 08 |  0 0 0 1 0 1 0 1 0 0 0 0 0 0 0 0 0 0 0 0 0 0 0 0 0
Task 09 |  1 0 0 1 0 1 1 0 0 0 0 0 0 0 0 0 0 0 0 0 0 0 0 0 0
Task 10 |  1 0 1 0 1 1 0 1 0 0 0 0 0 0 0 0 0 0 0 0 0 0 0 0 0
Task 11 |  0 0 1 0 1 1 0 0 0 0 0 0 0 0 0 0 0 0 0 0 0 0 0 0 0
Task 12 |  1 0 0 0 1 0 1 0 0 0 0 0 0 0 0 0 0 0 0 0 0 0 0 0 0
Task 13 |  0 1 0 0 1 1 0 0 0 0 0 0 0 0 0 0 0 0 0 0 0 0 0 0 0
Task 14 |  0 1 1 0 1 0 1 1 0 0 0 0 0 0 0 0 0 0 0 0 0 0 0 0 0
Task 15 |  1 1 0 0 1 0 1 0 0 0 0 0 0 0 0 0 0 0 0 0 0 0 0 0 0
Task 16 |  1 1 1 0 0 1 1 1 0 0 0 0 0 0 0 0 0 0 0 0 0 0 0 0 0
Task 17 |  1 1 0 0 0 1 1 1 0 0 0 0 0 0 0 0 0 0 0 0 0 0 0 0 0
Task 18 |  0 0 0 0 0 1 1 1 0 0 0 0 0 0 0 0 0 0 0 0 0 0 0 0 0
Task 19 |  1 0 1 0 0 0 1 0 0 0 0 0 0 0 0 0 0 0 0 0 0 0 0 0 0
Task 20 |  1 0 1 0 0 0 1 1 0 0 0 0 0 0 0 0 0 0 0 0 0 0 0 0 0
Task 21 |  1 0 0 0 0 0 0 1 0 0 0 0 0 0 0 0 0 0 0 0 0 0 0 0 0
Task 22 |  1 0 1 0 0 1 0 1 0 0 0 0 0 0 0 0 0 0 0 0 0 0 0 0 0
Task 23 |  0 0 1 0 0 1 0 1 0 0 0 0 0 0 0 0 0 0 0 0 0 0 0 0 0
Task 24 |  0 0 1 0 0 1 0 0 0 0 0 0 0 0 0 0 0 0 0 0 0 0 0 0 0
Task 25 |  0 0 1 0 0 0 0 1 0 0 0 0 0 0 0 0 0 0 0 0 0 0 0 0 0
