Instance: L14-9.txt

Execution time: 40
Number of switches before ILS: 8
Number of switches after ILS: 8
Box size: 15

Final solution: 3 - 6 - 12 - 18 - 19 - 20 - 24 - 25 - 5 - 17 - 21 - 23 - 10 - 14 - 16 - 1 - 11 - 13 - 15 - 4 - 9 - 2 - 8 - 7 - 22 - 

Task - > Tools
Task 1 -> 4 7 
Task 2 -> 3 5 8 
Task 3 -> 4 
Task 4 -> 2 4 8 
Task 5 -> 2 3 6 
Task 6 -> 6 
Task 7 -> 2 3 5 
Task 8 -> 5 8 
Task 9 -> 2 3 4 5 8 
Task 10 -> 1 2 3 5 
Task 11 -> 2 4 5 7 
Task 12 -> 5 
Task 13 -> 3 5 7 
Task 14 -> 1 3 8 
Task 15 -> 2 7 
Task 16 -> 1 3 
Task 17 -> 6 8 
Task 18 -> 6 
Task 19 -> 1 
Task 20 -> 6 
Task 21 -> 1 6 8 
Task 22 -> 2 3 5 
Task 23 -> 5 6 7 
Task 24 -> 1 
Task 25 -> 6 


Task 01 |  0 0 0 1 0 0 0 0 0 0 0 0 0 0 0 0 0 0 0 0 0 0 0 0 0
Task 02 |  0 0 0 0 0 1 0 0 0 0 0 0 0 0 0 0 0 0 0 0 0 0 0 0 0
Task 03 |  0 0 0 0 1 0 0 0 0 0 0 0 0 0 0 0 0 0 0 0 0 0 0 0 0
Task 04 |  0 0 0 0 0 1 0 0 0 0 0 0 0 0 0 0 0 0 0 0 0 0 0 0 0
Task 05 |  1 0 0 0 0 0 0 0 0 0 0 0 0 0 0 0 0 0 0 0 0 0 0 0 0
Task 06 |  0 0 0 0 0 1 0 0 0 0 0 0 0 0 0 0 0 0 0 0 0 0 0 0 0
Task 07 |  1 0 0 0 0 0 0 0 0 0 0 0 0 0 0 0 0 0 0 0 0 0 0 0 0
Task 08 |  0 0 0 0 0 1 0 0 0 0 0 0 0 0 0 0 0 0 0 0 0 0 0 0 0
Task 09 |  0 1 1 0 0 1 0 0 0 0 0 0 0 0 0 0 0 0 0 0 0 0 0 0 0
Task 10 |  0 0 0 0 0 1 0 1 0 0 0 0 0 0 0 0 0 0 0 0 0 0 0 0 0
Task 11 |  1 0 0 0 0 1 0 1 0 0 0 0 0 0 0 0 0 0 0 0 0 0 0 0 0
Task 12 |  0 0 0 0 1 1 1 0 0 0 0 0 0 0 0 0 0 0 0 0 0 0 0 0 0
Task 13 |  1 1 1 0 1 0 0 0 0 0 0 0 0 0 0 0 0 0 0 0 0 0 0 0 0
Task 14 |  1 0 1 0 0 0 0 1 0 0 0 0 0 0 0 0 0 0 0 0 0 0 0 0 0
Task 15 |  1 0 1 0 0 0 0 0 0 0 0 0 0 0 0 0 0 0 0 0 0 0 0 0 0
Task 16 |  0 0 0 1 0 0 1 0 0 0 0 0 0 0 0 0 0 0 0 0 0 0 0 0 0
Task 17 |  0 1 0 1 1 0 1 0 0 0 0 0 0 0 0 0 0 0 0 0 0 0 0 0 0
Task 18 |  0 0 1 0 1 0 1 0 0 0 0 0 0 0 0 0 0 0 0 0 0 0 0 0 0
Task 19 |  0 1 0 0 0 0 1 0 0 0 0 0 0 0 0 0 0 0 0 0 0 0 0 0 0
Task 20 |  0 1 0 1 0 0 0 1 0 0 0 0 0 0 0 0 0 0 0 0 0 0 0 0 0
Task 21 |  0 1 1 1 1 0 0 1 0 0 0 0 0 0 0 0 0 0 0 0 0 0 0 0 0
Task 22 |  0 0 1 0 1 0 0 1 0 0 0 0 0 0 0 0 0 0 0 0 0 0 0 0 0
Task 23 |  0 0 0 0 1 0 0 1 0 0 0 0 0 0 0 0 0 0 0 0 0 0 0 0 0
Task 24 |  0 1 1 0 1 0 0 0 0 0 0 0 0 0 0 0 0 0 0 0 0 0 0 0 0
Task 25 |  0 1 1 0 1 0 0 0 0 0 0 0 0 0 0 0 0 0 0 0 0 0 0 0 0
