Instance: L13-7.txt

Execution time: 50
Number of switches before ILS: 8
Number of switches after ILS: 8
Box size: 10

Final solution: 7 - 9 - 15 - 16 - 22 - 8 - 10 - 11 - 20 - 21 - 2 - 3 - 5 - 6 - 13 - 12 - 18 - 19 - 1 - 4 - 23 - 24 - 17 - 25 - 14 - 

Task - > Tools
Task 1 -> 2 5 6 7 
Task 2 -> 1 4 
Task 3 -> 1 2 4 6 7 
Task 4 -> 5 7 
Task 5 -> 4 6 8 
Task 6 -> 4 8 
Task 7 -> 8 
Task 8 -> 1 3 6 8 
Task 9 -> 2 
Task 10 -> 3 8 
Task 11 -> 1 2 3 4 5 8 
Task 12 -> 1 6 
Task 13 -> 2 4 
Task 14 -> 2 6 8 
Task 15 -> 5 
Task 16 -> 5 
Task 17 -> 2 5 6 
Task 18 -> 1 2 5 
Task 19 -> 1 2 7 
Task 20 -> 1 3 
Task 21 -> 1 3 
Task 22 -> 4 
Task 23 -> 2 7 8 
Task 24 -> 5 6 7 8 
Task 25 -> 5 6 8 


Task 01 |  0 0 0 0 0 0 0 1 0 0 0 0 0 0 0 0 0 0 0 0 0 0 0 0 0
Task 02 |  0 1 0 0 0 0 0 0 0 0 0 0 0 0 0 0 0 0 0 0 0 0 0 0 0
Task 03 |  0 0 0 0 1 0 0 0 0 0 0 0 0 0 0 0 0 0 0 0 0 0 0 0 0
Task 04 |  0 0 0 0 1 0 0 0 0 0 0 0 0 0 0 0 0 0 0 0 0 0 0 0 0
Task 05 |  0 0 0 1 0 0 0 0 0 0 0 0 0 0 0 0 0 0 0 0 0 0 0 0 0
Task 06 |  1 0 1 0 0 1 0 1 0 0 0 0 0 0 0 0 0 0 0 0 0 0 0 0 0
Task 07 |  0 0 1 0 0 0 0 1 0 0 0 0 0 0 0 0 0 0 0 0 0 0 0 0 0
Task 08 |  1 1 1 1 1 0 0 1 0 0 0 0 0 0 0 0 0 0 0 0 0 0 0 0 0
Task 09 |  1 0 1 0 0 0 0 0 0 0 0 0 0 0 0 0 0 0 0 0 0 0 0 0 0
Task 10 |  1 0 1 0 0 0 0 0 0 0 0 0 0 0 0 0 0 0 0 0 0 0 0 0 0
Task 11 |  1 0 0 1 0 0 0 0 0 0 0 0 0 0 0 0 0 0 0 0 0 0 0 0 0
Task 12 |  1 1 0 1 0 1 1 0 0 0 0 0 0 0 0 0 0 0 0 0 0 0 0 0 0
Task 13 |  0 0 0 1 0 1 0 1 0 0 0 0 0 0 0 0 0 0 0 0 0 0 0 0 0
Task 14 |  0 0 0 1 0 0 0 1 0 0 0 0 0 0 0 0 0 0 0 0 0 0 0 0 0
Task 15 |  0 1 0 1 0 0 0 0 0 0 0 0 0 0 0 0 0 0 0 0 0 0 0 0 0
Task 16 |  1 0 0 0 0 1 0 0 0 0 0 0 0 0 0 0 0 0 0 0 0 0 0 0 0
Task 17 |  1 1 0 0 1 0 0 0 0 0 0 0 0 0 0 0 0 0 0 0 0 0 0 0 0
Task 18 |  1 1 0 0 0 0 1 0 0 0 0 0 0 0 0 0 0 0 0 0 0 0 0 0 0
Task 19 |  0 1 0 0 1 1 1 0 0 0 0 0 0 0 0 0 0 0 0 0 0 0 0 0 0
Task 20 |  0 0 0 0 1 0 1 0 0 0 0 0 0 0 0 0 0 0 0 0 0 0 0 0 0
Task 21 |  0 1 0 0 0 0 1 1 0 0 0 0 0 0 0 0 0 0 0 0 0 0 0 0 0
Task 22 |  0 0 0 0 1 1 1 1 0 0 0 0 0 0 0 0 0 0 0 0 0 0 0 0 0
Task 23 |  0 1 0 0 1 1 0 0 0 0 0 0 0 0 0 0 0 0 0 0 0 0 0 0 0
Task 24 |  0 0 0 0 1 1 0 1 0 0 0 0 0 0 0 0 0 0 0 0 0 0 0 0 0
Task 25 |  0 1 0 0 0 1 0 1 0 0 0 0 0 0 0 0 0 0 0 0 0 0 0 0 0
