Instance: L10-7.txt

Execution time: 72
Number of switches before ILS: 8
Number of switches after ILS: 8
Box size: 15

Final solution: 5 - 10 - 3 - 9 - 15 - 16 - 19 - 6 - 20 - 2 - 7 - 13 - 1 - 4 - 12 - 17 - 14 - 18 - 8 - 11 - 

Task - > Tools
Task 1 -> 4 5 7 8 
Task 2 -> 4 6 7 
Task 3 -> 1 2 7 
Task 4 -> 4 7 
Task 5 -> 2 
Task 6 -> 2 4 7 8 
Task 7 -> 4 6 
Task 8 -> 3 4 8 
Task 9 -> 1 2 4 5 
Task 10 -> 2 
Task 11 -> 3 4 
Task 12 -> 4 7 
Task 13 -> 3 5 6 7 8 
Task 14 -> 3 4 5 8 
Task 15 -> 1 2 7 
Task 16 -> 1 5 6 
Task 17 -> 3 4 7 
Task 18 -> 4 5 8 
Task 19 -> 1 4 6 8 
Task 20 -> 2 3 4 6 


Task 01 |  0 1 0 0 0 0 0 0 0 0 0 0 0 0 0 0 0 0 0 0
Task 02 |  0 1 0 0 0 0 0 0 0 0 0 0 0 0 0 0 0 0 0 0
Task 03 |  1 1 0 0 0 0 1 0 0 0 0 0 0 0 0 0 0 0 0 0
Task 04 |  1 1 0 1 1 0 0 0 0 0 0 0 0 0 0 0 0 0 0 0
Task 05 |  1 1 0 0 0 0 1 0 0 0 0 0 0 0 0 0 0 0 0 0
Task 06 |  1 0 0 0 1 1 0 0 0 0 0 0 0 0 0 0 0 0 0 0
Task 07 |  1 0 0 1 0 1 0 1 0 0 0 0 0 0 0 0 0 0 0 0
Task 08 |  0 1 0 1 0 0 1 1 0 0 0 0 0 0 0 0 0 0 0 0
Task 09 |  0 1 1 1 0 1 0 0 0 0 0 0 0 0 0 0 0 0 0 0
Task 10 |  0 0 0 1 0 1 1 0 0 0 0 0 0 0 0 0 0 0 0 0
Task 11 |  0 0 0 1 0 1 0 0 0 0 0 0 0 0 0 0 0 0 0 0
Task 12 |  0 0 1 0 1 1 1 1 0 0 0 0 0 0 0 0 0 0 0 0
Task 13 |  0 0 0 1 1 0 1 1 0 0 0 0 0 0 0 0 0 0 0 0
Task 14 |  0 0 0 1 0 0 1 0 0 0 0 0 0 0 0 0 0 0 0 0
Task 15 |  0 0 0 1 0 0 1 0 0 0 0 0 0 0 0 0 0 0 0 0
Task 16 |  0 0 1 1 0 0 1 0 0 0 0 0 0 0 0 0 0 0 0 0
Task 17 |  0 0 1 1 1 0 0 1 0 0 0 0 0 0 0 0 0 0 0 0
Task 18 |  0 0 0 1 1 0 0 1 0 0 0 0 0 0 0 0 0 0 0 0
Task 19 |  0 0 1 1 0 0 0 1 0 0 0 0 0 0 0 0 0 0 0 0
Task 20 |  0 0 1 1 0 0 0 0 0 0 0 0 0 0 0 0 0 0 0 0
