Instance: L15-8.txt

Execution time: 56
Number of switches before ILS: 8
Number of switches after ILS: 8
Box size: 15

Final solution: 2 - 5 - 6 - 8 - 12 - 13 - 15 - 17 - 18 - 20 - 21 - 3 - 9 - 14 - 19 - 16 - 23 - 1 - 4 - 10 - 24 - 25 - 7 - 11 - 22 - 

Task - > Tools
Task 1 -> 1 2 3 
Task 2 -> 1 3 5 6 
Task 3 -> 2 3 4 6 7 8 
Task 4 -> 1 2 8 
Task 5 -> 5 8 
Task 6 -> 2 4 5 
Task 7 -> 1 3 7 8 
Task 8 -> 2 3 4 5 6 
Task 9 -> 1 2 3 4 6 7 8 
Task 10 -> 2 7 8 
Task 11 -> 1 3 7 8 
Task 12 -> 2 3 4 5 6 7 
Task 13 -> 1 4 5 6 7 
Task 14 -> 1 4 6 7 8 
Task 15 -> 1 4 5 7 
Task 16 -> 1 3 6 7 8 
Task 17 -> 2 4 5 7 8 
Task 18 -> 1 3 5 8 
Task 19 -> 2 3 4 
Task 20 -> 3 5 7 
Task 21 -> 1 5 8 
Task 22 -> 1 3 8 
Task 23 -> 1 6 8 
Task 24 -> 2 3 7 
Task 25 -> 2 3 7 8 


Task 01 |  1 0 1 0 1 1 0 0 0 0 0 0 0 0 0 0 0 0 0 0 0 0 0 0 0
Task 02 |  0 0 0 0 1 0 0 1 0 0 0 0 0 0 0 0 0 0 0 0 0 0 0 0 0
Task 03 |  0 1 0 1 1 0 0 0 0 0 0 0 0 0 0 0 0 0 0 0 0 0 0 0 0
Task 04 |  0 1 1 1 1 1 0 0 0 0 0 0 0 0 0 0 0 0 0 0 0 0 0 0 0
Task 05 |  0 1 1 1 1 1 1 0 0 0 0 0 0 0 0 0 0 0 0 0 0 0 0 0 0
Task 06 |  1 0 0 1 1 1 1 0 0 0 0 0 0 0 0 0 0 0 0 0 0 0 0 0 0
Task 07 |  1 0 0 1 1 0 1 0 0 0 0 0 0 0 0 0 0 0 0 0 0 0 0 0 0
Task 08 |  0 1 0 1 1 0 1 1 0 0 0 0 0 0 0 0 0 0 0 0 0 0 0 0 0
Task 09 |  1 0 1 0 1 0 0 1 0 0 0 0 0 0 0 0 0 0 0 0 0 0 0 0 0
Task 10 |  0 0 1 0 1 0 1 0 0 0 0 0 0 0 0 0 0 0 0 0 0 0 0 0 0
Task 11 |  1 0 0 0 1 0 0 1 0 0 0 0 0 0 0 0 0 0 0 0 0 0 0 0 0
Task 12 |  0 1 1 1 0 1 1 1 0 0 0 0 0 0 0 0 0 0 0 0 0 0 0 0 0
Task 13 |  1 1 1 1 0 1 1 1 0 0 0 0 0 0 0 0 0 0 0 0 0 0 0 0 0
Task 14 |  1 0 0 1 0 1 1 1 0 0 0 0 0 0 0 0 0 0 0 0 0 0 0 0 0
Task 15 |  0 1 1 1 0 0 0 0 0 0 0 0 0 0 0 0 0 0 0 0 0 0 0 0 0
Task 16 |  1 0 1 0 0 1 1 1 0 0 0 0 0 0 0 0 0 0 0 0 0 0 0 0 0
Task 17 |  1 0 0 0 0 1 0 1 0 0 0 0 0 0 0 0 0 0 0 0 0 0 0 0 0
Task 18 |  1 1 1 0 0 0 0 0 0 0 0 0 0 0 0 0 0 0 0 0 0 0 0 0 0
Task 19 |  1 1 0 0 0 0 0 1 0 0 0 0 0 0 0 0 0 0 0 0 0 0 0 0 0
Task 20 |  0 1 0 0 0 0 1 1 0 0 0 0 0 0 0 0 0 0 0 0 0 0 0 0 0
Task 21 |  0 1 1 0 0 0 1 0 0 0 0 0 0 0 0 0 0 0 0 0 0 0 0 0 0
Task 22 |  0 1 1 0 0 0 1 1 0 0 0 0 0 0 0 0 0 0 0 0 0 0 0 0 0
Task 23 |  1 0 1 0 0 0 1 1 0 0 0 0 0 0 0 0 0 0 0 0 0 0 0 0 0
Task 24 |  1 0 1 0 0 0 1 1 0 0 0 0 0 0 0 0 0 0 0 0 0 0 0 0 0
Task 25 |  1 0 1 0 0 0 0 1 0 0 0 0 0 0 0 0 0 0 0 0 0 0 0 0 0
