Instance: L10-10.txt

Execution time: 83
Number of switches before ILS: 8
Number of switches after ILS: 8
Box size: 15

Final solution: 2 - 6 - 7 - 10 - 11 - 14 - 1 - 8 - 12 - 13 - 19 - 20 - 5 - 16 - 18 - 4 - 15 - 17 - 9 - 3 - 

Task - > Tools
Task 1 -> 2 3 4 7 
Task 2 -> 1 2 4 5 6 8 
Task 3 -> 4 5 8 
Task 4 -> 1 2 4 8 
Task 5 -> 2 3 4 8 
Task 6 -> 1 2 3 4 6 7 
Task 7 -> 1 2 4 6 8 
Task 8 -> 1 2 3 4 5 7 8 
Task 9 -> 2 4 5 8 
Task 10 -> 1 2 5 6 
Task 11 -> 1 3 4 6 8 
Task 12 -> 1 3 4 7 
Task 13 -> 2 4 7 
Task 14 -> 2 3 4 6 7 8 
Task 15 -> 1 2 8 
Task 16 -> 1 2 3 5 
Task 17 -> 1 5 
Task 18 -> 1 2 3 4 
Task 19 -> 1 2 3 5 7 8 
Task 20 -> 1 4 5 7 


Task 01 |  1 1 0 1 1 1 0 1 0 0 0 0 0 0 0 0 0 0 0 0
Task 02 |  1 1 1 1 0 1 1 0 0 0 0 0 0 0 0 0 0 0 0 0
Task 03 |  1 1 0 1 0 1 0 1 0 0 0 0 0 0 0 0 0 0 0 0
Task 04 |  1 1 0 0 1 1 0 0 0 0 0 0 0 0 0 0 0 0 0 0
Task 05 |  1 0 1 1 0 1 0 1 0 0 0 0 0 0 0 0 0 0 0 0
Task 06 |  0 1 1 1 0 1 1 1 0 0 0 0 0 0 0 0 0 0 0 0
Task 07 |  0 1 1 1 0 0 1 0 0 0 0 0 0 0 0 0 0 0 0 0
Task 08 |  1 1 1 1 1 0 1 1 0 0 0 0 0 0 0 0 0 0 0 0
Task 09 |  1 0 1 1 0 0 1 0 0 0 0 0 0 0 0 0 0 0 0 0
Task 10 |  0 1 0 1 0 0 1 0 0 0 0 0 0 0 0 0 0 0 0 0
Task 11 |  1 1 1 0 1 0 1 1 0 0 0 0 0 0 0 0 0 0 0 0
Task 12 |  1 0 0 1 1 0 1 0 0 0 0 0 0 0 0 0 0 0 0 0
Task 13 |  0 1 1 1 0 0 0 1 0 0 0 0 0 0 0 0 0 0 0 0
Task 14 |  1 1 1 0 1 0 0 0 0 0 0 0 0 0 0 0 0 0 0 0
Task 15 |  1 1 1 1 0 0 0 0 0 0 0 0 0 0 0 0 0 0 0 0
Task 16 |  1 1 0 1 0 0 0 1 0 0 0 0 0 0 0 0 0 0 0 0
Task 17 |  1 1 0 0 0 0 0 1 0 0 0 0 0 0 0 0 0 0 0 0
Task 18 |  1 0 0 0 1 0 0 0 0 0 0 0 0 0 0 0 0 0 0 0
Task 19 |  0 1 0 1 1 0 0 1 0 0 0 0 0 0 0 0 0 0 0 0
Task 20 |  0 0 0 1 1 0 0 1 0 0 0 0 0 0 0 0 0 0 0 0
