Instance: L12-2.txt

Execution time: 89
Number of switches before ILS: 8
Number of switches after ILS: 8
Box size: 10

Final solution: 1 - 8 - 9 - 11 - 19 - 25 - 2 - 12 - 17 - 22 - 7 - 10 - 13 - 20 - 3 - 15 - 23 - 14 - 16 - 18 - 24 - 6 - 21 - 4 - 5 - 

Task - > Tools
Task 1 -> 4 
Task 2 -> 1 2 7 8 
Task 3 -> 1 3 4 6 
Task 4 -> 3 5 
Task 5 -> 3 6 
Task 6 -> 2 3 5 6 
Task 7 -> 3 7 
Task 8 -> 8 
Task 9 -> 8 
Task 10 -> 1 4 5 7 
Task 11 -> 2 
Task 12 -> 2 5 8 
Task 13 -> 4 7 
Task 14 -> 1 5 
Task 15 -> 2 4 
Task 16 -> 1 3 
Task 17 -> 2 4 8 
Task 18 -> 1 2 
Task 19 -> 8 
Task 20 -> 4 5 7 
Task 21 -> 2 6 
Task 22 -> 4 6 8 
Task 23 -> 2 4 5 
Task 24 -> 1 3 
Task 25 -> 1 


Task 01 |  0 0 0 1 0 0 0 0 0 0 0 0 0 0 0 0 0 0 0 0 0 0 0 0 0
Task 02 |  0 0 0 0 0 0 0 1 0 0 0 0 0 0 0 0 0 0 0 0 0 0 0 0 0
Task 03 |  0 0 0 0 0 0 0 1 0 0 0 0 0 0 0 0 0 0 0 0 0 0 0 0 0
Task 04 |  0 1 0 0 0 0 0 0 0 0 0 0 0 0 0 0 0 0 0 0 0 0 0 0 0
Task 05 |  0 0 0 0 0 0 0 1 0 0 0 0 0 0 0 0 0 0 0 0 0 0 0 0 0
Task 06 |  1 0 0 0 0 0 0 0 0 0 0 0 0 0 0 0 0 0 0 0 0 0 0 0 0
Task 07 |  1 1 0 0 0 0 1 1 0 0 0 0 0 0 0 0 0 0 0 0 0 0 0 0 0
Task 08 |  0 1 0 0 1 0 0 1 0 0 0 0 0 0 0 0 0 0 0 0 0 0 0 0 0
Task 09 |  0 1 0 1 0 0 0 1 0 0 0 0 0 0 0 0 0 0 0 0 0 0 0 0 0
Task 10 |  0 0 0 1 0 1 0 1 0 0 0 0 0 0 0 0 0 0 0 0 0 0 0 0 0
Task 11 |  0 0 1 0 0 0 1 0 0 0 0 0 0 0 0 0 0 0 0 0 0 0 0 0 0
Task 12 |  1 0 0 1 1 0 1 0 0 0 0 0 0 0 0 0 0 0 0 0 0 0 0 0 0
Task 13 |  0 0 0 1 0 0 1 0 0 0 0 0 0 0 0 0 0 0 0 0 0 0 0 0 0
Task 14 |  0 0 0 1 1 0 1 0 0 0 0 0 0 0 0 0 0 0 0 0 0 0 0 0 0
Task 15 |  1 0 1 1 0 1 0 0 0 0 0 0 0 0 0 0 0 0 0 0 0 0 0 0 0
Task 16 |  0 1 0 1 0 0 0 0 0 0 0 0 0 0 0 0 0 0 0 0 0 0 0 0 0
Task 17 |  0 1 0 1 1 0 0 0 0 0 0 0 0 0 0 0 0 0 0 0 0 0 0 0 0
Task 18 |  1 0 0 0 1 0 0 0 0 0 0 0 0 0 0 0 0 0 0 0 0 0 0 0 0
Task 19 |  1 0 1 0 0 0 0 0 0 0 0 0 0 0 0 0 0 0 0 0 0 0 0 0 0
Task 20 |  1 1 0 0 0 0 0 0 0 0 0 0 0 0 0 0 0 0 0 0 0 0 0 0 0
Task 21 |  1 0 1 0 0 0 0 0 0 0 0 0 0 0 0 0 0 0 0 0 0 0 0 0 0
Task 22 |  0 1 1 0 1 1 0 0 0 0 0 0 0 0 0 0 0 0 0 0 0 0 0 0 0
Task 23 |  0 1 0 0 0 1 0 0 0 0 0 0 0 0 0 0 0 0 0 0 0 0 0 0 0
Task 24 |  0 0 1 0 1 0 0 0 0 0 0 0 0 0 0 0 0 0 0 0 0 0 0 0 0
Task 25 |  0 0 1 0 0 1 0 0 0 0 0 0 0 0 0 0 0 0 0 0 0 0 0 0 0
