Instance: L10-8.txt

Execution time: 126
Number of switches before ILS: 8
Number of switches after ILS: 8
Box size: 15

Final solution: 3 - 9 - 10 - 11 - 14 - 19 - 2 - 5 - 15 - 7 - 12 - 18 - 4 - 6 - 20 - 8 - 16 - 17 - 1 - 13 - 

Task - > Tools
Task 1 -> 3 6 7 
Task 2 -> 1 3 4 5 7 
Task 3 -> 1 
Task 4 -> 6 7 8 
Task 5 -> 1 3 7 8 
Task 6 -> 3 4 6 8 
Task 7 -> 4 5 7 
Task 8 -> 4 6 
Task 9 -> 2 4 7 8 
Task 10 -> 1 2 3 4 5 6 8 
Task 11 -> 1 2 6 7 
Task 12 -> 3 4 5 6 8 
Task 13 -> 6 7 
Task 14 -> 1 2 5 7 8 
Task 15 -> 1 7 8 
Task 16 -> 3 4 
Task 17 -> 3 4 6 7 
Task 18 -> 5 6 7 8 
Task 19 -> 1 2 3 4 6 7 8 
Task 20 -> 4 7 8 


Task 01 |  1 0 0 0 0 0 0 0 0 0 0 0 0 0 0 0 0 0 0 0
Task 02 |  0 1 0 1 0 0 1 1 0 0 0 0 0 0 0 0 0 0 0 0
Task 03 |  1 1 1 1 1 1 0 1 0 0 0 0 0 0 0 0 0 0 0 0
Task 04 |  1 1 0 0 0 1 1 0 0 0 0 0 0 0 0 0 0 0 0 0
Task 05 |  1 1 0 0 1 0 1 1 0 0 0 0 0 0 0 0 0 0 0 0
Task 06 |  1 1 1 1 0 1 1 1 0 0 0 0 0 0 0 0 0 0 0 0
Task 07 |  1 0 1 1 1 0 1 0 0 0 0 0 0 0 0 0 0 0 0 0
Task 08 |  1 0 1 0 0 0 1 1 0 0 0 0 0 0 0 0 0 0 0 0
Task 09 |  1 0 0 0 0 0 1 1 0 0 0 0 0 0 0 0 0 0 0 0
Task 10 |  0 0 0 1 1 0 1 0 0 0 0 0 0 0 0 0 0 0 0 0
Task 11 |  0 0 1 1 1 1 0 1 0 0 0 0 0 0 0 0 0 0 0 0
Task 12 |  0 0 0 0 1 1 1 1 0 0 0 0 0 0 0 0 0 0 0 0
Task 13 |  0 0 0 0 0 1 1 1 0 0 0 0 0 0 0 0 0 0 0 0
Task 14 |  0 0 1 1 0 1 0 1 0 0 0 0 0 0 0 0 0 0 0 0
Task 15 |  0 0 0 1 0 0 1 1 0 0 0 0 0 0 0 0 0 0 0 0
Task 16 |  0 0 0 1 0 1 0 0 0 0 0 0 0 0 0 0 0 0 0 0
Task 17 |  0 0 1 1 0 0 0 0 0 0 0 0 0 0 0 0 0 0 0 0
Task 18 |  0 0 1 1 0 1 1 0 0 0 0 0 0 0 0 0 0 0 0 0
Task 19 |  0 0 1 0 0 1 1 0 0 0 0 0 0 0 0 0 0 0 0 0
Task 20 |  0 0 0 0 0 1 1 0 0 0 0 0 0 0 0 0 0 0 0 0
