Instance: L11-7.txt

Execution time: 114
Number of switches before ILS: 8
Number of switches after ILS: 8
Box size: 15

Final solution: 2 - 3 - 4 - 5 - 7 - 9 - 11 - 14 - 17 - 20 - 1 - 10 - 12 - 18 - 6 - 8 - 13 - 16 - 19 - 15 - 

Task - > Tools
Task 1 -> 1 3 4 7 8 
Task 2 -> 1 2 5 7 8 
Task 3 -> 1 2 5 6 8 
Task 4 -> 2 3 4 6 
Task 5 -> 1 2 3 5 
Task 6 -> 1 3 6 8 
Task 7 -> 1 2 4 6 7 8 
Task 8 -> 1 3 5 6 7 8 
Task 9 -> 1 2 3 4 5 6 
Task 10 -> 1 4 6 7 8 
Task 11 -> 1 2 4 6 8 
Task 12 -> 4 5 6 8 
Task 13 -> 1 3 5 8 
Task 14 -> 2 3 4 7 8 
Task 15 -> 3 5 7 8 
Task 16 -> 3 5 6 7 8 
Task 17 -> 1 2 3 6 7 
Task 18 -> 1 4 5 7 8 
Task 19 -> 3 5 6 7 
Task 20 -> 1 2 3 4 5 8 


Task 01 |  1 1 0 0 1 0 1 1 0 0 0 0 0 0 0 0 0 0 0 0
Task 02 |  1 1 0 0 1 1 0 1 0 0 0 0 0 0 0 0 0 0 0 0
Task 03 |  0 1 1 1 0 1 0 0 0 0 0 0 0 0 0 0 0 0 0 0
Task 04 |  1 1 1 0 1 0 0 0 0 0 0 0 0 0 0 0 0 0 0 0
Task 05 |  1 1 0 1 0 1 1 1 0 0 0 0 0 0 0 0 0 0 0 0
Task 06 |  1 1 1 1 1 1 0 0 0 0 0 0 0 0 0 0 0 0 0 0
Task 07 |  1 1 0 1 0 1 0 1 0 0 0 0 0 0 0 0 0 0 0 0
Task 08 |  0 1 1 1 0 0 1 1 0 0 0 0 0 0 0 0 0 0 0 0
Task 09 |  1 1 1 0 0 1 1 0 0 0 0 0 0 0 0 0 0 0 0 0
Task 10 |  1 1 1 1 1 0 0 1 0 0 0 0 0 0 0 0 0 0 0 0
Task 11 |  1 0 1 1 0 0 1 1 0 0 0 0 0 0 0 0 0 0 0 0
Task 12 |  1 0 0 1 0 1 1 1 0 0 0 0 0 0 0 0 0 0 0 0
Task 13 |  0 0 0 1 1 1 0 1 0 0 0 0 0 0 0 0 0 0 0 0
Task 14 |  1 0 0 1 1 0 1 1 0 0 0 0 0 0 0 0 0 0 0 0
Task 15 |  1 0 1 0 0 1 0 1 0 0 0 0 0 0 0 0 0 0 0 0
Task 16 |  1 0 1 0 1 1 1 1 0 0 0 0 0 0 0 0 0 0 0 0
Task 17 |  1 0 1 0 1 0 0 1 0 0 0 0 0 0 0 0 0 0 0 0
Task 18 |  0 0 1 0 1 1 1 1 0 0 0 0 0 0 0 0 0 0 0 0
Task 19 |  0 0 1 0 1 1 1 0 0 0 0 0 0 0 0 0 0 0 0 0
Task 20 |  0 0 1 0 1 0 1 1 0 0 0 0 0 0 0 0 0 0 0 0
