Instance: L10-1.txt

Execution time: 82
Number of switches before ILS: 8
Number of switches after ILS: 8
Box size: 15

Final solution: 2 - 3 - 5 - 8 - 14 - 15 - 16 - 9 - 10 - 11 - 12 - 1 - 18 - 19 - 20 - 4 - 7 - 17 - 6 - 13 - 

Task - > Tools
Task 1 -> 2 4 6 8 
Task 2 -> 1 2 3 7 8 
Task 3 -> 1 2 3 5 
Task 4 -> 2 4 6 
Task 5 -> 1 2 3 4 5 6 
Task 6 -> 2 5 6 7 
Task 7 -> 2 4 7 
Task 8 -> 1 2 4 5 6 7 
Task 9 -> 3 4 5 8 
Task 10 -> 2 3 4 8 
Task 11 -> 2 3 4 5 7 8 
Task 12 -> 2 3 5 6 7 8 
Task 13 -> 2 5 7 
Task 14 -> 1 2 4 5 6 
Task 15 -> 1 4 5 
Task 16 -> 1 5 6 8 
Task 17 -> 2 4 5 6 7 
Task 18 -> 4 7 8 
Task 19 -> 2 5 6 8 
Task 20 -> 4 8 


Task 01 |  1 1 1 0 0 0 1 1 0 0 0 0 0 0 0 0 0 0 0 0
Task 02 |  1 1 1 0 1 0 0 0 0 0 0 0 0 0 0 0 0 0 0 0
Task 03 |  1 1 1 1 1 1 0 0 0 0 0 0 0 0 0 0 0 0 0 0
Task 04 |  1 1 0 1 1 1 1 0 0 0 0 0 0 0 0 0 0 0 0 0
Task 05 |  1 1 0 1 1 1 0 0 0 0 0 0 0 0 0 0 0 0 0 0
Task 06 |  1 0 0 1 1 0 0 0 0 0 0 0 0 0 0 0 0 0 0 0
Task 07 |  1 0 0 0 1 1 0 1 0 0 0 0 0 0 0 0 0 0 0 0
Task 08 |  0 0 1 1 1 0 0 1 0 0 0 0 0 0 0 0 0 0 0 0
Task 09 |  0 1 1 1 0 0 0 1 0 0 0 0 0 0 0 0 0 0 0 0
Task 10 |  0 1 1 1 1 0 1 1 0 0 0 0 0 0 0 0 0 0 0 0
Task 11 |  0 1 1 0 1 1 1 1 0 0 0 0 0 0 0 0 0 0 0 0
Task 12 |  0 1 0 1 0 1 0 1 0 0 0 0 0 0 0 0 0 0 0 0
Task 13 |  0 0 0 1 0 0 1 1 0 0 0 0 0 0 0 0 0 0 0 0
Task 14 |  0 1 0 0 1 1 0 1 0 0 0 0 0 0 0 0 0 0 0 0
Task 15 |  0 0 0 1 0 0 0 1 0 0 0 0 0 0 0 0 0 0 0 0
Task 16 |  0 1 0 1 0 1 0 0 0 0 0 0 0 0 0 0 0 0 0 0
Task 17 |  0 1 0 1 0 0 1 0 0 0 0 0 0 0 0 0 0 0 0 0
Task 18 |  0 1 0 1 1 1 1 0 0 0 0 0 0 0 0 0 0 0 0 0
Task 19 |  0 1 0 0 1 1 1 0 0 0 0 0 0 0 0 0 0 0 0 0
Task 20 |  0 1 0 0 1 0 1 0 0 0 0 0 0 0 0 0 0 0 0 0
