Instance: L11-8.txt

Execution time: 117
Number of switches before ILS: 8
Number of switches after ILS: 8
Box size: 15

Final solution: 1 - 4 - 5 - 6 - 8 - 9 - 10 - 11 - 16 - 17 - 18 - 20 - 7 - 12 - 13 - 15 - 14 - 2 - 3 - 19 - 

Task - > Tools
Task 1 -> 1 2 3 4 5 6 8 
Task 2 -> 2 3 5 6 7 
Task 3 -> 2 5 6 7 
Task 4 -> 4 5 
Task 5 -> 2 3 4 5 7 8 
Task 6 -> 1 2 3 4 5 8 
Task 7 -> 1 2 3 6 7 8 
Task 8 -> 2 4 6 7 8 
Task 9 -> 1 4 5 7 
Task 10 -> 1 2 3 4 5 6 8 
Task 11 -> 3 4 6 7 
Task 12 -> 1 2 5 7 8 
Task 13 -> 1 2 3 5 7 8 
Task 14 -> 3 5 6 7 8 
Task 15 -> 1 2 3 5 6 7 8 
Task 16 -> 1 3 4 6 7 8 
Task 17 -> 1 2 4 5 6 7 8 
Task 18 -> 1 2 4 6 7 
Task 19 -> 2 5 6 
Task 20 -> 1 2 4 6 7 8 


Task 01 |  1 1 1 1 1 1 0 1 0 0 0 0 0 0 0 0 0 0 0 0
Task 02 |  0 0 0 1 1 0 0 0 0 0 0 0 0 0 0 0 0 0 0 0
Task 03 |  0 1 1 1 1 0 1 1 0 0 0 0 0 0 0 0 0 0 0 0
Task 04 |  1 1 1 1 1 0 0 1 0 0 0 0 0 0 0 0 0 0 0 0
Task 05 |  0 1 0 1 0 1 1 1 0 0 0 0 0 0 0 0 0 0 0 0
Task 06 |  1 0 0 1 1 0 1 0 0 0 0 0 0 0 0 0 0 0 0 0
Task 07 |  1 1 1 1 1 1 0 1 0 0 0 0 0 0 0 0 0 0 0 0
Task 08 |  0 0 1 1 0 1 1 0 0 0 0 0 0 0 0 0 0 0 0 0
Task 09 |  1 0 1 1 0 1 1 1 0 0 0 0 0 0 0 0 0 0 0 0
Task 10 |  1 1 0 1 1 1 1 1 0 0 0 0 0 0 0 0 0 0 0 0
Task 11 |  1 1 0 1 0 1 1 0 0 0 0 0 0 0 0 0 0 0 0 0
Task 12 |  1 1 0 1 0 1 1 1 0 0 0 0 0 0 0 0 0 0 0 0
Task 13 |  1 1 1 0 0 1 1 1 0 0 0 0 0 0 0 0 0 0 0 0
Task 14 |  1 1 0 0 1 0 1 1 0 0 0 0 0 0 0 0 0 0 0 0
Task 15 |  1 1 1 0 1 0 1 1 0 0 0 0 0 0 0 0 0 0 0 0
Task 16 |  1 1 1 0 1 1 1 1 0 0 0 0 0 0 0 0 0 0 0 0
Task 17 |  0 0 1 0 1 1 1 1 0 0 0 0 0 0 0 0 0 0 0 0
Task 18 |  0 1 1 0 1 1 1 0 0 0 0 0 0 0 0 0 0 0 0 0
Task 19 |  0 1 0 0 1 1 1 0 0 0 0 0 0 0 0 0 0 0 0 0
Task 20 |  0 1 0 0 1 1 0 0 0 0 0 0 0 0 0 0 0 0 0 0
