Instance: L10-4.txt

Execution time: 73
Number of switches before ILS: 8
Number of switches after ILS: 8
Box size: 15

Final solution: 17 - 18 - 9 - 11 - 13 - 16 - 20 - 2 - 12 - 14 - 19 - 1 - 10 - 3 - 5 - 7 - 15 - 8 - 6 - 4 - 

Task - > Tools
Task 1 -> 3 7 8 
Task 2 -> 1 2 3 8 
Task 3 -> 2 5 6 8 
Task 4 -> 5 8 
Task 5 -> 2 3 6 8 
Task 6 -> 3 8 
Task 7 -> 2 3 5 6 8 
Task 8 -> 2 3 5 8 
Task 9 -> 3 4 6 7 
Task 10 -> 5 7 8 
Task 11 -> 2 3 4 8 
Task 12 -> 1 2 3 6 7 8 
Task 13 -> 1 4 8 
Task 14 -> 1 3 6 7 
Task 15 -> 3 5 6 
Task 16 -> 1 3 4 6 
Task 17 -> 8 
Task 18 -> 2 
Task 19 -> 1 3 5 6 7 8 
Task 20 -> 4 5 7 


Task 01 |  0 0 0 0 0 0 0 1 0 0 0 0 0 0 0 0 0 0 0 0
Task 02 |  0 1 0 0 0 0 0 0 0 0 0 0 0 0 0 0 0 0 0 0
Task 03 |  0 0 1 1 0 1 1 0 0 0 0 0 0 0 0 0 0 0 0 0
Task 04 |  0 1 1 1 0 0 0 1 0 0 0 0 0 0 0 0 0 0 0 0
Task 05 |  1 0 0 1 0 0 0 1 0 0 0 0 0 0 0 0 0 0 0 0
Task 06 |  1 0 1 1 0 1 0 0 0 0 0 0 0 0 0 0 0 0 0 0
Task 07 |  0 0 0 1 1 0 1 0 0 0 0 0 0 0 0 0 0 0 0 0
Task 08 |  1 1 1 0 0 0 0 1 0 0 0 0 0 0 0 0 0 0 0 0
Task 09 |  1 1 1 0 0 1 1 1 0 0 0 0 0 0 0 0 0 0 0 0
Task 10 |  1 0 1 0 0 1 1 0 0 0 0 0 0 0 0 0 0 0 0 0
Task 11 |  1 0 1 0 1 1 1 1 0 0 0 0 0 0 0 0 0 0 0 0
Task 12 |  0 0 1 0 0 0 1 1 0 0 0 0 0 0 0 0 0 0 0 0
Task 13 |  0 0 0 0 1 0 1 1 0 0 0 0 0 0 0 0 0 0 0 0
Task 14 |  0 1 0 0 1 1 0 1 0 0 0 0 0 0 0 0 0 0 0 0
Task 15 |  0 1 1 0 0 1 0 1 0 0 0 0 0 0 0 0 0 0 0 0
Task 16 |  0 1 1 0 1 1 0 1 0 0 0 0 0 0 0 0 0 0 0 0
Task 17 |  0 0 1 0 1 1 0 0 0 0 0 0 0 0 0 0 0 0 0 0
Task 18 |  0 1 1 0 1 0 0 1 0 0 0 0 0 0 0 0 0 0 0 0
Task 19 |  0 0 1 0 0 0 0 1 0 0 0 0 0 0 0 0 0 0 0 0
Task 20 |  0 0 0 0 1 0 0 1 0 0 0 0 0 0 0 0 0 0 0 0
