Instance: L10-2.txt

Execution time: 84
Number of switches before ILS: 8
Number of switches after ILS: 8
Box size: 15

Final solution: 7 - 6 - 9 - 11 - 12 - 13 - 4 - 8 - 17 - 19 - 2 - 3 - 5 - 14 - 16 - 1 - 10 - 15 - 18 - 20 - 

Task - > Tools
Task 1 -> 4 6 8 
Task 2 -> 1 5 6 7 
Task 3 -> 1 4 5 6 7 
Task 4 -> 3 5 6 7 8 
Task 5 -> 1 4 5 6 
Task 6 -> 2 3 4 6 7 
Task 7 -> 7 
Task 8 -> 1 3 6 7 
Task 9 -> 1 2 4 5 6 7 
Task 10 -> 1 4 6 7 
Task 11 -> 1 2 4 7 8 
Task 12 -> 2 3 8 
Task 13 -> 1 2 3 4 6 7 
Task 14 -> 5 7 8 
Task 15 -> 1 4 6 7 8 
Task 16 -> 4 5 8 
Task 17 -> 3 4 5 6 7 8 
Task 18 -> 1 6 7 8 
Task 19 -> 3 6 8 
Task 20 -> 6 7 8 


Task 01 |  0 0 0 0 0 0 1 0 0 0 0 0 0 0 0 0 0 0 0 0
Task 02 |  0 1 1 1 0 1 1 0 0 0 0 0 0 0 0 0 0 0 0 0
Task 03 |  1 1 0 1 1 1 1 0 0 0 0 0 0 0 0 0 0 0 0 0
Task 04 |  1 1 0 1 0 0 1 1 0 0 0 0 0 0 0 0 0 0 0 0
Task 05 |  0 1 1 0 0 0 0 1 0 0 0 0 0 0 0 0 0 0 0 0
Task 06 |  1 1 1 1 0 1 1 0 0 0 0 0 0 0 0 0 0 0 0 0
Task 07 |  0 0 1 0 1 1 1 1 0 0 0 0 0 0 0 0 0 0 0 0
Task 08 |  1 0 1 0 0 1 1 0 0 0 0 0 0 0 0 0 0 0 0 0
Task 09 |  0 0 1 1 1 1 1 1 0 0 0 0 0 0 0 0 0 0 0 0
Task 10 |  0 0 1 0 0 1 0 1 0 0 0 0 0 0 0 0 0 0 0 0
Task 11 |  1 0 0 0 1 1 1 0 0 0 0 0 0 0 0 0 0 0 0 0
Task 12 |  1 0 0 1 1 1 1 0 0 0 0 0 0 0 0 0 0 0 0 0
Task 13 |  1 0 0 1 1 1 0 0 0 0 0 0 0 0 0 0 0 0 0 0
Task 14 |  0 0 0 0 1 0 1 1 0 0 0 0 0 0 0 0 0 0 0 0
Task 15 |  0 0 0 1 1 0 0 1 0 0 0 0 0 0 0 0 0 0 0 0
Task 16 |  0 0 0 1 0 1 0 1 0 0 0 0 0 0 0 0 0 0 0 0
Task 17 |  1 0 0 1 0 1 1 0 0 0 0 0 0 0 0 0 0 0 0 0
Task 18 |  1 0 0 1 0 1 1 1 0 0 0 0 0 0 0 0 0 0 0 0
Task 19 |  1 0 0 0 0 1 1 1 0 0 0 0 0 0 0 0 0 0 0 0
Task 20 |  0 0 0 0 0 1 1 1 0 0 0 0 0 0 0 0 0 0 0 0
