Instance: L11-3.txt

Execution time: 97
Number of switches before ILS: 8
Number of switches after ILS: 8
Box size: 15

Final solution: 3 - 4 - 5 - 9 - 13 - 14 - 17 - 18 - 19 - 20 - 2 - 7 - 8 - 10 - 12 - 15 - 1 - 6 - 11 - 16 - 

Task - > Tools
Task 1 -> 3 4 5 6 7 8 
Task 2 -> 1 4 6 7 8 
Task 3 -> 1 2 3 4 5 6 7 8 
Task 4 -> 2 3 5 7 
Task 5 -> 1 2 4 5 6 8 
Task 6 -> 3 4 5 6 7 8 
Task 7 -> 1 6 7 
Task 8 -> 1 4 5 7 8 
Task 9 -> 1 2 3 5 7 
Task 10 -> 1 4 5 7 
Task 11 -> 5 6 7 8 
Task 12 -> 1 3 4 7 8 
Task 13 -> 1 2 3 5 6 7 8 
Task 14 -> 1 2 3 5 8 
Task 15 -> 1 3 6 8 
Task 16 -> 3 4 5 6 8 
Task 17 -> 2 3 4 5 6 7 
Task 18 -> 1 2 5 6 7 8 
Task 19 -> 2 4 6 
Task 20 -> 1 2 3 5 6 7 8 


Task 01 |  1 1 1 1 1 1 1 1 0 0 0 0 0 0 0 0 0 0 0 0
Task 02 |  0 1 1 0 1 0 1 0 0 0 0 0 0 0 0 0 0 0 0 0
Task 03 |  1 1 0 1 1 1 0 1 0 0 0 0 0 0 0 0 0 0 0 0
Task 04 |  1 1 1 0 1 0 1 0 0 0 0 0 0 0 0 0 0 0 0 0
Task 05 |  1 1 1 0 1 1 1 1 0 0 0 0 0 0 0 0 0 0 0 0
Task 06 |  1 1 1 0 1 0 0 1 0 0 0 0 0 0 0 0 0 0 0 0
Task 07 |  0 1 1 1 1 1 1 0 0 0 0 0 0 0 0 0 0 0 0 0
Task 08 |  1 1 0 0 1 1 1 1 0 0 0 0 0 0 0 0 0 0 0 0
Task 09 |  0 1 0 1 0 1 0 0 0 0 0 0 0 0 0 0 0 0 0 0
Task 10 |  1 1 1 0 1 1 1 1 0 0 0 0 0 0 0 0 0 0 0 0
Task 11 |  1 0 0 1 0 1 1 1 0 0 0 0 0 0 0 0 0 0 0 0
Task 12 |  1 0 0 0 0 1 1 0 0 0 0 0 0 0 0 0 0 0 0 0
Task 13 |  1 0 0 1 1 0 1 1 0 0 0 0 0 0 0 0 0 0 0 0
Task 14 |  1 0 0 1 1 0 1 0 0 0 0 0 0 0 0 0 0 0 0 0
Task 15 |  1 0 1 1 0 0 1 1 0 0 0 0 0 0 0 0 0 0 0 0
Task 16 |  1 0 1 0 0 1 0 1 0 0 0 0 0 0 0 0 0 0 0 0
Task 17 |  0 0 1 1 1 1 1 1 0 0 0 0 0 0 0 0 0 0 0 0
Task 18 |  0 0 1 1 1 1 1 1 0 0 0 0 0 0 0 0 0 0 0 0
Task 19 |  0 0 0 0 1 1 1 1 0 0 0 0 0 0 0 0 0 0 0 0
Task 20 |  0 0 1 1 1 1 0 1 0 0 0 0 0 0 0 0 0 0 0 0
