Instance: L14-10.txt

Execution time: 38
Number of switches before ILS: 8
Number of switches after ILS: 8
Box size: 15

Final solution: 3 - 7 - 8 - 9 - 13 - 15 - 21 - 22 - 23 - 17 - 19 - 6 - 18 - 4 - 10 - 1 - 14 - 5 - 11 - 12 - 16 - 25 - 2 - 20 - 24 - 

Task - > Tools
Task 1 -> 1 5 
Task 2 -> 4 7 8 
Task 3 -> 3 
Task 4 -> 1 2 8 
Task 5 -> 1 4 8 
Task 6 -> 1 2 3 7 
Task 7 -> 8 
Task 8 -> 5 
Task 9 -> 2 
Task 10 -> 2 8 
Task 11 -> 1 7 
Task 12 -> 1 7 8 
Task 13 -> 4 
Task 14 -> 1 4 5 7 
Task 15 -> 1 
Task 16 -> 1 4 7 
Task 17 -> 2 4 6 
Task 18 -> 2 3 5 
Task 19 -> 3 6 
Task 20 -> 4 8 
Task 21 -> 2 
Task 22 -> 4 
Task 23 -> 5 
Task 24 -> 4 8 
Task 25 -> 1 4 7 


Task 01 |  0 0 1 0 0 0 0 0 0 0 0 0 0 0 0 0 0 0 0 0 0 0 0 0 0
Task 02 |  0 0 0 0 0 0 0 1 0 0 0 0 0 0 0 0 0 0 0 0 0 0 0 0 0
Task 03 |  0 0 0 0 1 0 0 0 0 0 0 0 0 0 0 0 0 0 0 0 0 0 0 0 0
Task 04 |  0 1 0 0 0 0 0 0 0 0 0 0 0 0 0 0 0 0 0 0 0 0 0 0 0
Task 05 |  0 0 0 1 0 0 0 0 0 0 0 0 0 0 0 0 0 0 0 0 0 0 0 0 0
Task 06 |  1 0 0 0 0 0 0 0 0 0 0 0 0 0 0 0 0 0 0 0 0 0 0 0 0
Task 07 |  0 1 0 0 0 0 0 0 0 0 0 0 0 0 0 0 0 0 0 0 0 0 0 0 0
Task 08 |  0 0 0 1 0 0 0 0 0 0 0 0 0 0 0 0 0 0 0 0 0 0 0 0 0
Task 09 |  0 0 0 0 1 0 0 0 0 0 0 0 0 0 0 0 0 0 0 0 0 0 0 0 0
Task 10 |  0 1 0 1 0 1 0 0 0 0 0 0 0 0 0 0 0 0 0 0 0 0 0 0 0
Task 11 |  0 0 1 0 0 1 0 0 0 0 0 0 0 0 0 0 0 0 0 0 0 0 0 0 0
Task 12 |  1 1 1 0 0 0 1 0 0 0 0 0 0 0 0 0 0 0 0 0 0 0 0 0 0
Task 13 |  0 1 1 0 1 0 0 0 0 0 0 0 0 0 0 0 0 0 0 0 0 0 0 0 0
Task 14 |  1 1 0 0 0 0 0 1 0 0 0 0 0 0 0 0 0 0 0 0 0 0 0 0 0
Task 15 |  0 1 0 0 0 0 0 1 0 0 0 0 0 0 0 0 0 0 0 0 0 0 0 0 0
Task 16 |  1 0 0 0 1 0 0 0 0 0 0 0 0 0 0 0 0 0 0 0 0 0 0 0 0
Task 17 |  1 0 0 1 1 0 1 0 0 0 0 0 0 0 0 0 0 0 0 0 0 0 0 0 0
Task 18 |  1 0 0 1 0 0 0 1 0 0 0 0 0 0 0 0 0 0 0 0 0 0 0 0 0
Task 19 |  1 0 0 0 0 0 1 0 0 0 0 0 0 0 0 0 0 0 0 0 0 0 0 0 0
Task 20 |  1 0 0 0 0 0 1 1 0 0 0 0 0 0 0 0 0 0 0 0 0 0 0 0 0
Task 21 |  1 0 0 1 0 0 1 0 0 0 0 0 0 0 0 0 0 0 0 0 0 0 0 0 0
Task 22 |  1 0 0 1 0 0 1 0 0 0 0 0 0 0 0 0 0 0 0 0 0 0 0 0 0
Task 23 |  0 0 0 1 0 0 1 1 0 0 0 0 0 0 0 0 0 0 0 0 0 0 0 0 0
Task 24 |  0 0 0 1 0 0 0 1 0 0 0 0 0 0 0 0 0 0 0 0 0 0 0 0 0
Task 25 |  0 0 0 1 0 0 0 1 0 0 0 0 0 0 0 0 0 0 0 0 0 0 0 0 0
