Instance: L12-9.txt

Execution time: 43
Number of switches before ILS: 8
Number of switches after ILS: 8
Box size: 10

Final solution: 3 - 5 - 10 - 13 - 18 - 19 - 21 - 22 - 23 - 6 - 14 - 7 - 15 - 16 - 25 - 8 - 9 - 11 - 12 - 1 - 4 - 20 - 2 - 17 - 24 - 

Task - > Tools
Task 1 -> 4 8 
Task 2 -> 2 4 
Task 3 -> 1 
Task 4 -> 2 6 8 
Task 5 -> 3 
Task 6 -> 6 7 
Task 7 -> 1 3 5 8 
Task 8 -> 1 2 8 
Task 9 -> 1 8 
Task 10 -> 2 
Task 11 -> 1 6 
Task 12 -> 1 6 
Task 13 -> 4 
Task 14 -> 2 7 
Task 15 -> 2 3 6 8 
Task 16 -> 1 3 4 
Task 17 -> 2 4 6 
Task 18 -> 5 
Task 19 -> 6 
Task 20 -> 2 4 6 8 
Task 21 -> 1 
Task 22 -> 8 
Task 23 -> 4 
Task 24 -> 2 4 6 
Task 25 -> 3 6 


Task 01 |  1 0 0 0 0 0 0 0 0 0 0 0 0 0 0 0 0 0 0 0 0 0 0 0 0
Task 02 |  0 0 1 0 0 0 0 0 0 0 0 0 0 0 0 0 0 0 0 0 0 0 0 0 0
Task 03 |  0 1 0 0 0 0 0 0 0 0 0 0 0 0 0 0 0 0 0 0 0 0 0 0 0
Task 04 |  0 0 0 1 0 0 0 0 0 0 0 0 0 0 0 0 0 0 0 0 0 0 0 0 0
Task 05 |  0 0 0 0 1 0 0 0 0 0 0 0 0 0 0 0 0 0 0 0 0 0 0 0 0
Task 06 |  0 0 0 0 0 1 0 0 0 0 0 0 0 0 0 0 0 0 0 0 0 0 0 0 0
Task 07 |  1 0 0 0 0 0 0 0 0 0 0 0 0 0 0 0 0 0 0 0 0 0 0 0 0
Task 08 |  0 0 0 0 0 0 0 1 0 0 0 0 0 0 0 0 0 0 0 0 0 0 0 0 0
Task 09 |  0 0 0 1 0 0 0 0 0 0 0 0 0 0 0 0 0 0 0 0 0 0 0 0 0
Task 10 |  0 0 0 0 0 1 1 0 0 0 0 0 0 0 0 0 0 0 0 0 0 0 0 0 0
Task 11 |  0 1 0 0 0 0 1 0 0 0 0 0 0 0 0 0 0 0 0 0 0 0 0 0 0
Task 12 |  1 0 1 0 1 0 0 1 0 0 0 0 0 0 0 0 0 0 0 0 0 0 0 0 0
Task 13 |  0 1 1 0 0 1 0 1 0 0 0 0 0 0 0 0 0 0 0 0 0 0 0 0 0
Task 14 |  1 0 1 1 0 0 0 0 0 0 0 0 0 0 0 0 0 0 0 0 0 0 0 0 0
Task 15 |  0 0 1 0 0 1 0 0 0 0 0 0 0 0 0 0 0 0 0 0 0 0 0 0 0
Task 16 |  1 1 0 0 0 0 0 1 0 0 0 0 0 0 0 0 0 0 0 0 0 0 0 0 0
Task 17 |  1 0 0 0 0 0 0 1 0 0 0 0 0 0 0 0 0 0 0 0 0 0 0 0 0
Task 18 |  1 0 0 0 0 1 0 0 0 0 0 0 0 0 0 0 0 0 0 0 0 0 0 0 0
Task 19 |  1 0 0 0 0 1 0 0 0 0 0 0 0 0 0 0 0 0 0 0 0 0 0 0 0
Task 20 |  0 0 0 1 0 0 0 1 0 0 0 0 0 0 0 0 0 0 0 0 0 0 0 0 0
Task 21 |  0 1 0 0 0 1 0 1 0 0 0 0 0 0 0 0 0 0 0 0 0 0 0 0 0
Task 22 |  0 1 0 1 0 1 0 1 0 0 0 0 0 0 0 0 0 0 0 0 0 0 0 0 0
Task 23 |  0 1 0 1 0 0 0 0 0 0 0 0 0 0 0 0 0 0 0 0 0 0 0 0 0
Task 24 |  0 1 0 1 0 1 0 0 0 0 0 0 0 0 0 0 0 0 0 0 0 0 0 0 0
Task 25 |  0 1 0 1 0 1 0 0 0 0 0 0 0 0 0 0 0 0 0 0 0 0 0 0 0
